# T	sdev	V_specific	sdev	sigma=1.0, epsilon=1.5
1.0018e+00	4.7780e-03	1.1293e+00	6.2867e-04
9.9126e-01	3.5666e-03	1.1293e+00	1.7532e-03
9.9708e-01	3.6011e-03	1.1263e+00	2.1545e-03
9.8309e-01	2.4944e-03	1.1267e+00	2.0148e-03
9.8662e-01	6.1080e-03	1.1237e+00	3.9685e-03
9.8016e-01	2.7631e-03	1.1247e+00	1.5123e-03
9.6506e-01	5.6182e-03	1.1211e+00	1.2872e-03
9.7146e-01	3.9311e-03	1.1194e+00	9.8517e-04
9.5506e-01	8.4484e-03	1.1185e+00	2.6919e-03
9.6100e-01	3.6485e-03	1.1187e+00	2.2624e-03
9.4722e-01	9.5598e-03	1.1145e+00	1.3168e-03
9.3972e-01	5.4394e-03	1.1125e+00	2.7352e-03
9.4131e-01	3.5021e-03	1.1102e+00	3.8435e-03
9.4337e-01	7.2963e-03	1.1116e+00	1.4987e-03
9.3397e-01	3.3198e-03	1.1096e+00	2.6891e-03
9.2720e-01	6.9134e-03	1.1045e+00	2.7353e-03
9.1926e-01	3.3899e-03	1.1056e+00	2.0577e-03
9.1417e-01	8.0491e-03	1.1038e+00	2.6047e-03
9.0734e-01	3.6263e-03	1.1039e+00	6.0682e-04
9.0218e-01	1.2323e-02	1.1006e+00	1.4623e-03
8.9375e-01	4.9522e-03	1.0970e+00	2.9541e-03
8.9489e-01	5.1562e-03	1.0999e+00	1.7755e-03
8.9347e-01	2.6365e-03	1.0965e+00	2.3996e-03
8.8295e-01	1.4531e-03	1.0950e+00	1.7843e-03
8.8578e-01	3.9918e-03	1.0938e+00	2.0064e-03
8.6261e-01	5.0903e-03	1.0914e+00	6.2088e-04
8.6299e-01	1.9362e-03	1.0880e+00	1.1021e-03
8.6338e-01	5.3717e-03	1.0892e+00	8.8207e-04
8.6095e-01	4.2153e-03	1.0843e+00	6.0980e-04
8.5538e-01	4.9223e-03	1.0860e+00	1.6565e-03
8.5693e-01	3.3072e-03	1.0826e+00	3.2508e-04
8.4706e-01	7.6322e-03	1.0806e+00	2.0408e-03
8.4305e-01	9.4240e-03	1.0804e+00	2.4188e-03
8.3706e-01	4.1014e-03	1.0792e+00	2.0675e-03
8.2349e-01	3.8631e-03	1.0784e+00	4.1690e-04
8.2573e-01	1.1518e-03	1.0756e+00	1.7451e-03
8.2532e-01	3.3361e-03	1.0741e+00	9.7548e-04
8.1313e-01	3.3509e-03	1.0706e+00	3.1505e-04
8.0443e-01	4.4364e-03	1.0714e+00	4.5164e-04
7.9856e-01	2.3412e-03	1.0699e+00	2.0419e-03
7.9650e-01	6.8497e-03	1.0678e+00	1.3478e-03
7.9641e-01	6.7162e-03	1.0669e+00	1.2102e-03
7.8178e-01	4.6802e-03	1.0635e+00	2.8644e-04
7.8194e-01	2.1939e-03	1.0630e+00	1.2456e-03
7.8365e-01	3.1173e-03	1.0602e+00	8.7199e-04
7.7095e-01	2.6092e-03	1.0609e+00	9.0944e-04
7.7528e-01	1.0761e-02	1.0584e+00	9.2517e-04
7.6368e-01	3.4609e-03	1.0580e+00	3.2471e-04
7.5798e-01	3.0407e-03	1.0561e+00	1.9657e-03
7.5420e-01	3.5446e-03	1.0549e+00	1.1640e-03
7.5350e-01	4.9446e-03	1.0518e+00	1.1840e-03
7.3763e-01	3.6305e-03	1.0534e+00	1.4502e-03
7.4470e-01	5.6732e-03	1.0470e+00	5.3937e-04
7.3206e-01	5.6671e-03	1.0472e+00	1.3394e-03
7.3094e-01	6.3769e-03	1.0470e+00	7.9102e-04
7.2295e-01	7.4315e-03	1.0460e+00	5.8703e-04
7.2010e-01	7.7093e-04	1.0448e+00	1.1425e-03
7.1557e-01	4.3589e-03	1.0428e+00	5.5565e-04
7.0789e-01	3.8880e-03	1.0423e+00	9.3463e-04
7.0554e-01	5.6262e-03	1.0406e+00	1.7609e-03
6.9798e-01	4.4230e-03	1.0361e+00	6.3268e-04
6.9264e-01	8.5157e-04	1.0380e+00	1.4569e-03
6.8710e-01	2.9670e-03	1.0353e+00	2.0342e-03
6.8636e-01	4.0331e-03	1.0342e+00	1.5138e-03
6.7581e-01	2.3640e-03	1.0312e+00	8.4511e-04
6.7920e-01	1.6222e-03	1.0309e+00	1.2284e-03
6.6940e-01	4.1941e-03	1.0281e+00	9.9564e-04
6.6755e-01	3.6909e-03	1.0293e+00	1.5009e-03
6.6207e-01	4.9608e-03	1.0273e+00	1.1903e-03
6.5526e-01	1.7412e-03	1.0270e+00	1.0651e-03
6.4073e-01	8.9779e-03	1.0225e+00	1.3180e-03
6.4328e-01	3.6407e-03	1.0227e+00	1.3993e-03
6.3599e-01	5.4914e-03	1.0206e+00	1.9399e-03
6.3285e-01	8.1001e-03	1.0201e+00	2.3310e-04
6.2797e-01	7.8141e-03	1.0187e+00	1.3638e-03
6.2504e-01	1.2243e-03	1.0178e+00	1.3529e-03
6.2189e-01	2.0193e-03	1.0158e+00	4.3922e-04
6.1193e-01	4.4473e-03	1.0138e+00	7.4348e-04
6.1202e-01	3.3930e-03	1.0120e+00	1.5501e-03
6.0581e-01	3.8782e-03	1.0111e+00	7.7839e-04
6.0194e-01	4.3432e-03	1.0103e+00	3.2822e-04
5.9482e-01	1.1261e-03	1.0070e+00	1.0292e-03
5.9115e-01	3.7386e-03	1.0058e+00	1.6271e-03
5.8165e-01	3.3095e-03	1.0067e+00	1.3542e-03
5.8546e-01	1.0258e-03	1.0040e+00	9.8506e-04
5.7087e-01	2.0934e-03	1.0001e+00	5.8176e-04
5.7044e-01	2.6408e-03	1.0004e+00	1.4026e-03
5.6568e-01	3.0124e-03	9.9879e-01	8.4411e-04
5.5932e-01	3.6707e-03	9.9631e-01	3.7421e-04
5.5394e-01	2.8649e-03	9.9758e-01	1.7808e-03
5.5118e-01	6.4079e-03	9.9578e-01	3.1348e-04
5.4436e-01	3.9636e-03	9.9373e-01	1.4793e-03
5.4051e-01	2.6900e-03	9.9288e-01	1.9012e-03
5.3642e-01	9.7355e-04	9.9173e-01	8.4337e-04
5.3056e-01	4.2951e-03	9.8948e-01	6.4986e-04
5.2410e-01	5.6868e-03	9.8844e-01	1.7206e-03
5.1709e-01	1.8896e-03	9.8784e-01	1.4814e-03
5.1628e-01	1.3645e-03	9.8741e-01	1.7560e-03
5.0879e-01	3.2673e-03	9.8544e-01	1.5817e-03
5.0702e-01	3.5745e-03	9.8396e-01	1.0948e-03
4.9943e-01	4.8923e-03	9.8104e-01	8.7305e-04
4.9381e-01	5.8607e-03	9.8022e-01	1.1386e-04
4.9242e-01	4.7904e-03	9.7995e-01	5.8558e-04
4.8743e-01	1.0020e-03	9.7855e-01	6.5542e-04
4.8132e-01	2.0843e-03	9.7675e-01	1.9863e-03
4.7498e-01	1.0347e-03	9.7585e-01	5.0882e-04
4.6821e-01	2.4842e-03	9.7543e-01	3.3398e-04
4.6489e-01	1.9460e-03	9.7391e-01	6.2042e-04
4.6377e-01	4.6987e-03	9.7246e-01	5.9805e-04
4.5379e-01	5.1114e-03	9.7135e-01	4.5016e-04
4.5018e-01	3.6594e-03	9.7000e-01	7.4009e-04
4.4406e-01	1.9384e-03	9.6989e-01	1.3016e-03
4.4168e-01	3.4797e-03	9.6776e-01	1.5263e-04
4.3621e-01	5.4607e-03	9.6719e-01	4.9931e-04
4.3187e-01	1.9706e-03	9.6660e-01	7.0720e-04
4.2583e-01	3.5182e-03	9.6538e-01	7.7582e-04
4.2359e-01	3.1356e-03	9.6496e-01	3.1054e-04
4.1759e-01	5.5533e-03	9.6359e-01	3.2887e-04
4.0607e-01	1.6665e-03	9.6293e-01	6.9337e-04
4.0660e-01	3.1522e-03	9.6137e-01	9.9534e-04
3.9688e-01	3.3352e-03	9.6160e-01	6.9196e-04
3.9457e-01	1.4877e-03	9.6074e-01	6.9938e-04
3.9158e-01	1.7649e-03	9.5986e-01	3.7441e-04
3.8135e-01	2.0948e-03	9.5874e-01	4.9399e-04
3.7974e-01	7.5993e-04	9.5852e-01	3.0507e-04
3.7612e-01	8.7279e-04	9.5772e-01	1.2172e-03
3.6772e-01	2.5475e-03	9.5627e-01	6.1197e-04
3.6464e-01	1.1162e-03	9.5687e-01	6.1255e-04
3.6339e-01	1.5990e-03	9.5665e-01	6.7846e-04
3.5732e-01	1.0311e-03	9.5462e-01	1.0396e-03
3.4876e-01	1.5781e-03	9.5527e-01	2.0092e-04
3.4507e-01	2.0628e-03	9.5438e-01	7.3019e-04
3.4183e-01	9.8180e-04	9.5281e-01	8.8120e-04
3.3552e-01	1.8540e-03	9.5246e-01	3.7695e-04
3.3074e-01	3.4602e-03	9.5199e-01	8.1729e-04
3.2728e-01	1.9569e-03	9.5085e-01	5.4509e-04
3.1676e-01	2.7842e-03	9.5025e-01	4.1973e-04
3.1588e-01	7.6826e-04	9.4952e-01	1.8894e-04
3.0910e-01	1.7854e-03	9.4903e-01	6.8579e-04
3.0518e-01	6.9001e-04	9.4850e-01	1.0672e-04
2.9802e-01	2.4366e-03	9.4759e-01	7.3135e-04
2.9491e-01	3.4565e-03	9.4691e-01	3.9424e-04
2.8978e-01	1.3459e-03	9.4726e-01	3.3698e-04
2.8453e-01	2.1062e-03	9.4710e-01	1.3182e-04
2.8069e-01	1.6979e-03	9.4586e-01	1.1223e-03
2.7443e-01	1.7694e-03	9.4453e-01	5.8321e-04
2.7116e-01	1.8404e-03	9.4484e-01	3.2909e-04
2.6497e-01	3.4295e-04	9.4468e-01	7.9079e-04
2.5937e-01	1.0275e-03	9.4234e-01	7.0602e-04
2.5476e-01	1.2404e-03	9.4246e-01	2.7882e-04
2.5176e-01	3.3978e-04	9.4248e-01	1.9741e-04
2.4334e-01	1.7001e-03	9.4150e-01	6.5722e-04
2.4044e-01	2.0957e-03	9.4076e-01	4.8356e-04
2.3577e-01	9.8163e-04	9.4098e-01	8.4227e-04
2.3044e-01	7.0166e-04	9.3991e-01	3.0014e-04
2.2551e-01	6.4153e-04	9.3938e-01	4.3450e-04
2.1974e-01	1.1055e-03	9.3832e-01	1.7334e-04
2.1483e-01	4.5422e-04	9.3822e-01	6.9147e-04
2.1102e-01	2.1416e-03	9.3782e-01	3.2589e-04
2.0605e-01	1.7685e-03	9.3683e-01	3.0321e-04
1.9961e-01	2.8175e-03	9.3652e-01	3.6745e-04
1.9345e-01	1.5865e-03	9.3583e-01	9.8130e-04
1.9025e-01	6.5767e-04	9.3569e-01	1.9617e-04
1.8447e-01	2.0947e-03	9.3500e-01	3.5851e-04
1.7910e-01	1.3879e-03	9.3468e-01	3.1336e-04
1.7575e-01	1.5041e-03	9.3411e-01	5.3254e-04
1.7196e-01	2.1471e-03	9.3362e-01	3.8780e-04
1.6364e-01	1.8714e-04	9.3320e-01	3.5547e-04
1.6112e-01	1.2778e-03	9.3190e-01	6.5691e-04
1.5424e-01	1.0030e-03	9.3219e-01	3.4803e-04
1.5073e-01	2.5633e-04	9.3112e-01	6.1043e-04
1.4692e-01	1.4418e-03	9.3109e-01	5.0082e-04
1.3970e-01	3.7620e-04	9.3079e-01	4.9729e-04
1.3417e-01	3.9804e-04	9.2994e-01	2.6352e-04
1.2937e-01	3.0010e-04	9.2933e-01	3.0831e-04
1.2549e-01	1.1992e-03	9.2897e-01	7.0021e-04
1.1964e-01	3.7384e-04	9.2855e-01	2.5812e-04
1.1599e-01	2.9207e-04	9.2808e-01	5.2173e-04
1.0940e-01	5.7062e-04	9.2730e-01	3.2459e-04
1.0504e-01	1.5301e-03	9.2710e-01	2.4227e-04
9.8805e-02	1.2248e-03	9.2641e-01	1.6599e-04
9.5395e-02	2.6677e-04	9.2592e-01	2.9567e-04
8.9734e-02	6.2373e-04	9.2543e-01	3.7773e-04
8.5318e-02	2.0259e-04	9.2475e-01	3.8175e-04
8.0685e-02	1.7673e-04	9.2416e-01	5.7659e-05
7.4783e-02	3.0941e-04	9.2376e-01	1.0267e-04
7.0637e-02	4.4399e-04	9.2351e-01	2.8563e-04
6.4786e-02	2.8415e-04	9.2309e-01	2.6511e-04
5.9677e-02	4.2278e-04	9.2246e-01	3.5604e-04
5.4972e-02	2.3677e-04	9.2241e-01	2.5162e-04
5.0053e-02	2.5827e-04	9.2127e-01	4.3693e-04
4.4697e-02	1.7949e-04	9.2128e-01	3.7356e-04
3.9893e-02	7.0708e-05	9.2067e-01	2.5103e-04
3.5065e-02	5.6728e-05	9.2001e-01	2.5946e-04
2.9869e-02	3.8868e-05	9.1975e-01	2.9974e-04
2.5048e-02	7.1961e-05	9.1905e-01	3.0539e-04
2.0061e-02	1.5907e-04	9.1874e-01	1.4408e-04
1.5170e-02	9.0074e-05	9.1815e-01	2.6579e-04
1.0084e-02	1.5372e-04	9.1780e-01	1.9678e-04
5.0049e-03	2.7817e-05	9.1735e-01	1.2214e-04
1.2417e-03	6.6404e-06	9.1709e-01	1.9939e-04
